
  "ssr"                                        
  CTTG_Koza2 dou1 ctx 
  cttp_saveBest = False


14/50 = 28%

// cummulativ p of success
Global.performanceCurves= 
[0, 0, 0, 0, 0, 0, 0, 0, 0, 0, 0, 1, 1, 2, 5, 6, 7, 9, 9, 10, 11, 11, 11, 11, 11, 12, 12, 12, 12, 13, 13, 13, 13, 13, 13, 13, 13, 13, 13, 13, 13, 13, 13, 13, 13, 13, 14, 14, 14, 14, 14]

// comp effort
JSON.stringify(graf2) = 
"[[0,null],[1,null],[2,null],[3,null],[4,null],[5,null],[6,null],[7,null],[8,null],[9,null],[10,null],[11,1368000],[12,1482000],[13,791000],[14,330000],[15,296000],[16,263500],[17,216000],[18,228000],[19,210000],[20,199500],[21,209000],[22,218500],[23,228000],[24,237500],[25,221000],[26,229500],[27,238000],[28,246500],[29,240000],[30,248000],[31,256000],[32,264000],[33,272000],[34,280000],[35,288000],[36,296000],[37,304000],[38,312000],[39,320000],[40,328000],[41,336000],[42,344000],[43,352000],[44,360000],[45,368000],[46,352500],[47,360000],[48,367500],[49,375000],[50,382500]]"

nej = 20,199500

Total time: 3164.9940273s

//termsizes
JSON.stringify(graf3) = 
"[[0,14.968719999999998],[1,13.145879999999998],[2,12.221400000000003],[3,11.645999999999999],[4,11.191520000000002],[5,10.872840000000004],[6,10.793439999999999],[7,10.980440000000002],[8,11.316919999999998],[9,12.101279999999997],[10,13.126839999999994],[11,14.385399999999997],[12,15.496244897959187],[13,17.207714285714285],[14,18.901458333333334],[15,20.727199999999996],[16,23.00181818181818],[17,25.104046511627907],[18,28.267414634146334],[19,30.559853658536586],[20,32.75685],[21,34.458410256410254],[22,36.439846153846155],[23,38.261794871794876],[24,40.18835897435897],[25,41.77210256410257],[26,43.93494736842106],[27,45.61515789473684],[28,46.98652631578948],[29,48.3418947368421],[30,49.792162162162164],[31,51.118648648648644],[32,52.26697297297298],[33,53.268432432432434],[34,54.33945945945945],[35,54.9027027027027],[36,55.40702702702703],[37,56.426162162162164],[38,57.461027027027015],[39,58.27913513513515],[40,59.64562162162163],[41,60.377513513513534],[42,61.32589189189191],[43,62.36189189189189],[44,62.95589189189189],[45,63.4771891891892],[46,64.28535135135134],[47,65.43366666666667],[48,66.96455555555556],[49,67.7496111111111],[50,68.80711111111113]]"

//best of run fitnesses :
StatsHax.get().bestOfRun 
=
[0.6242596,0.74270797,0.6666784,0.48445174,0.7634615,0.7345843,0.7150251,0.5756717,1,0.83592004,1,0.6863489,1,0.78376985,0.7501574,0.76605314,1,0.7020729,1,0.5705701,1,1,0.81348854,0.64912724,0.8218692,0.91765815,0.6493293,1,0.753961,0.81900287,0.66145146,0.79654205,0.70786864,0.50370425,1,0.72895336,0.7190709,0.90114415,1,0.61932665,0.69061375,1,0.721469,0.8702187,0.8476174,1,0.67225826,0.7287434,1,1] 
=
0.6242596
0.74270797
0.6666784
0.48445174
0.7634615
0.7345843
0.7150251
0.5756717
1
0.83592004
1
0.6863489
1
0.78376985
0.7501574
0.76605314
1
0.7020729
1
0.5705701
1
1
0.81348854
0.64912724
0.8218692
0.91765815
0.6493293
1
0.753961
0.81900287
0.66145146
0.79654205
0.70786864
0.50370425
1
0.72895336
0.7190709
0.90114415
1
0.61932665
0.69061375
1
0.721469
0.8702187
0.8476174
1
0.67225826
0.7287434
1
1

//StatsHax
JSON.stringify(StatsHax.get()) =
"{"bestFitLog":[[0.20199388,0.21715823,0.25639307,0.26356214,0.36969388,0.36969388,0.36969388,0.36969388,0.38646445,0.38731334,0.40503162,0.42998198,0.42998198,0.42998198,0.45775542,0.45775542,0.45775542,0.5324152,0.5324152,0.5324152,0.5324152,0.5324152,0.5324152,0.5324152,0.5324152,0.5324152,0.5324152,0.5324152,0.5324152,0.5324152,0.5324152,0.5324152,0.5324152,0.55971706,0.55971706,0.55971706,0.60395,0.60395,0.60395,0.60395,0.60395,0.6242596,0.6242596,0.6242596,0.6242596,0.6242596,0.6242596,0.6242596,0.6242596,0.6242596,0.6242596],[0.19792855,0.19792855,0.22216253,0.24719825,0.25114056,0.262097,0.30568606,0.30568606,0.30568606,0.31203142,0.33557877,0.33557877,0.45372063,0.4785093,0.4785093,0.5440673,0.5440673,0.5440673,0.5440673,0.5440673,0.5440673,0.5701672,0.5701672,0.5758404,0.5758404,0.6293871,0.6293871,0.6293871,0.6293871,0.6293871,0.6293871,0.70065296,0.70065296,0.70065296,0.70065296,0.70065296,0.70065296,0.70065296,0.70065296,0.70065296,0.70065296,0.70065296,0.70065296,0.70065296,0.70065296,0.70065296,0.70065296,0.72345644,0.72345644,0.7368374,0.74270797],[0.16028099,0.1655163,0.1968353,0.1968353,0.1968353,0.1968353,0.23759298,0.23759298,0.30568606,0.30568606,0.30568606,0.30568606,0.30568606,0.3383592,0.5533917,0.5533917,0.6427905,0.6427905,0.6427905,0.6427905,0.6611714,0.66145146,0.66145146,0.66145146,0.66145146,0.66145146,0.66145146,0.6666784,0.6666784,0.6666784,0.6666784,0.6666784,0.6666784,0.6666784,0.6666784,0.6666784,0.6666784,0.6666784,0.6666784,0.6666784,0.6666784,0.6666784,0.6666784,0.6666784,0.6666784,0.6666784,0.6666784,0.6666784,0.6666784,0.6666784,0.6666784],[0.1968353,0.1968353,0.26159123,0.27638334,0.28063428,0.28063428,0.28063428,0.3833448,0.3833448,0.3833448,0.3833448,0.3833448,0.3833448,0.3833448,0.4482184,0.4482184,0.4482184,0.4482184,0.4482184,0.4482184,0.4482184,0.4482184,0.45158926,0.45158926,0.4726157,0.4726157,0.4726157,0.48445174,0.48445174,0.48445174,0.48445174,0.48445174,0.48445174,0.48445174,0.48445174,0.48445174,0.48445174,0.48445174,0.48445174,0.48445174,0.48445174,0.48445174,0.48445174,0.48445174,0.48445174,0.48445174,0.48445174,0.48445174,0.48445174,0.48445174,0.48445174],[0.1655163,0.1789881,0.1789881,0.3055402,0.3055402,0.3055402,0.3055402,0.31259117,0.31259117,0.34256732,0.4172545,0.4172545,0.45014298,0.5440673,0.5440673,0.5440673,0.5440673,0.5995704,0.5995704,0.5995704,0.5995704,0.5995704,0.5995704,0.5995704,0.5995704,0.5995704,0.5995704,0.5995704,0.5995704,0.61831313,0.61831313,0.65429336,0.65429336,0.65429336,0.65429336,0.68717223,0.68717223,0.7634615,0.7634615,0.7634615,0.7634615,0.7634615,0.7634615,0.7634615,0.7634615,0.7634615,0.7634615,0.7634615,0.7634615,0.7634615,0.7634615],[0.1655163,0.1655163,0.1655163,0.18376389,0.1968353,0.1968353,0.1968353,0.1968353,0.2590166,0.2590166,0.2590166,0.2590166,0.33909106,0.42840576,0.42840576,0.42840576,0.48348802,0.48348802,0.48348802,0.5230955,0.5230955,0.5230955,0.5230955,0.5230955,0.5230955,0.5230955,0.5230955,0.5257191,0.5257191,0.5257191,0.575113,0.575113,0.575113,0.575113,0.575113,0.575113,0.575113,0.575113,0.575113,0.575113,0.6219492,0.6219492,0.6219492,0.6219492,0.6219492,0.7034318,0.7345843,0.7345843,0.7345843,0.7345843,0.7345843],[0.20597106,0.20597106,0.20597106,0.20597106,0.20597106,0.20597106,0.20950076,0.21497688,0.30568606,0.3845706,0.3845706,0.3845706,0.50858116,0.50858116,0.6409338,0.6409338,0.6409338,0.6409338,0.6409338,0.6409338,0.65630984,0.65630984,0.65630984,0.65630984,0.65630984,0.65630984,0.66145146,0.66145146,0.66145146,0.66145146,0.66145146,0.66145146,0.6834574,0.6834574,0.6834574,0.7150251,0.7150251,0.7150251,0.7150251,0.7150251,0.7150251,0.7150251,0.7150251,0.7150251,0.7150251,0.7150251,0.7150251,0.7150251,0.7150251,0.7150251,0.7150251],[0.2913499,0.2913499,0.2913499,0.3076461,0.3076461,0.4827122,0.4827122,0.4827122,0.4827122,0.4827122,0.4827122,0.4827122,0.48491204,0.49360505,0.49360505,0.55968654,0.55968654,0.55968654,0.55968654,0.55968654,0.55968654,0.55968654,0.55968654,0.55968654,0.55968654,0.55968654,0.55968654,0.55968654,0.55968654,0.55968654,0.55968654,0.55968654,0.55968654,0.5756717,0.5756717,0.5756717,0.5756717,0.5756717,0.5756717,0.5756717,0.5756717,0.5756717,0.5756717,0.5756717,0.5756717,0.5756717,0.5756717,0.5756717,0.5756717,0.5756717,0.5756717],[0.1968353,0.3055402,0.3055402,0.3055402,0.3055402,0.4280477,0.4280477,0.4280477,0.4280477,0.4280477,0.51341856,0.51341856,0.51341856,0.51341856,1],[0.1968353,0.1968353,0.1968353,0.1968353,0.26071802,0.26071802,0.2633542,0.32541427,0.41813672,0.41813672,0.41813672,0.46785387,0.5464111,0.5464111,0.5464111,0.5464111,0.5464111,0.5464111,0.5464111,0.5464111,0.5464111,0.5464111,0.5464111,0.63736475,0.72351784,0.7431625,0.7431625,0.7431625,0.7431625,0.7431625,0.7431625,0.7431625,0.8128914,0.8128914,0.8128914,0.8128914,0.8227693,0.8227693,0.8227693,0.8227693,0.83592004,0.83592004,0.83592004,0.83592004,0.83592004,0.83592004,0.83592004,0.83592004,0.83592004,0.83592004,0.83592004],[0.14118347,0.14118347,0.14118347,0.1485779,0.1968353,0.1968353,0.30568606,0.30568606,0.30568606,0.30568606,0.30568606,0.30568606,0.30568606,0.30568606,0.30568606,0.30568606,0.3717326,0.41171318,0.42595682,0.42595682,0.42595682,0.59506524,0.59506524,0.6062129,0.6062129,1],[0.1655163,0.1655163,0.1968353,0.1968353,0.1968353,0.1968353,0.19874991,0.22434147,0.33478734,0.33478734,0.33478734,0.33478734,0.38801733,0.58799416,0.58799416,0.58799416,0.58799416,0.58799416,0.58799416,0.58799416,0.58799416,0.58799416,0.58799416,0.58799416,0.58799416,0.58799416,0.58799416,0.58799416,0.58799416,0.58799416,0.58799416,0.58799416,0.58799416,0.58799416,0.58799416,0.58799416,0.58799416,0.58799416,0.58799416,0.58799416,0.58799416,0.58799416,0.58799416,0.58799416,0.58799416,0.6863489,0.6863489,0.6863489,0.6863489,0.6863489,0.6863489],[0.1968353,0.3919401,0.3919401,0.3919401,0.3919401,0.3919401,0.4317761,0.44166803,0.49774316,0.49774316,0.49774316,0.49774316,0.6071111,0.6071111,0.6071111,0.6071111,0.6071111,0.6612521,0.6612521,0.6612521,1],[0.1655163,0.1968353,0.1968353,0.1968353,0.20809817,0.20809817,0.20809817,0.20809817,0.20809817,0.30568606,0.30568606,0.30568606,0.30568606,0.30568606,0.30568606,0.3257332,0.36782286,0.36782286,0.3727353,0.3727353,0.3727353,0.3727353,0.3727353,0.3740479,0.3740479,0.42523098,0.42523098,0.42523098,0.49315748,0.49315748,0.49315748,0.78376985,0.78376985,0.78376985,0.78376985,0.78376985,0.78376985,0.78376985,0.78376985,0.78376985,0.78376985,0.78376985,0.78376985,0.78376985,0.78376985,0.78376985,0.78376985,0.78376985,0.78376985,0.78376985,0.78376985],[0.24475817,0.24475817,0.24475817,0.25639307,0.30568606,0.30568606,0.30568606,0.429542,0.429542,0.429542,0.44179147,0.44179147,0.44179147,0.44179147,0.5440673,0.5440673,0.5440673,0.5440673,0.61831313,0.61831313,0.61831313,0.665202,0.665202,0.665202,0.7396467,0.7396467,0.7396467,0.7396467,0.7396467,0.7501574,0.7501574,0.7501574,0.7501574,0.7501574,0.7501574,0.7501574,0.7501574,0.7501574,0.7501574,0.7501574,0.7501574,0.7501574,0.7501574,0.7501574,0.7501574,0.7501574,0.7501574,0.7501574,0.7501574,0.7501574,0.7501574],[0.14700273,0.18538833,0.22046849,0.28299066,0.28299066,0.28299066,0.32934073,0.32934073,0.40293506,0.43024394,0.603767,0.603767,0.603767,0.603767,0.60572344,0.60572344,0.6086957,0.6086957,0.70736647,0.70736647,0.70736647,0.70736647,0.70736647,0.70736647,0.70736647,0.70736647,0.70736647,0.70736647,0.70736647,0.70736647,0.70736647,0.70736647,0.70736647,0.70736647,0.70736647,0.70736647,0.70736647,0.70736647,0.70736647,0.70736647,0.70736647,0.73060757,0.73060757,0.73060757,0.7335542,0.7523222,0.7523222,0.7523222,0.76605314,0.76605314,0.76605314],[0.30568606,0.30568606,0.30568606,0.30568606,0.30568606,0.30568606,0.30568606,0.30568606,0.30568606,0.36962774,0.36962774,1],[0.16028099,0.16028099,0.16028099,0.16028099,0.17839344,0.17839344,0.21142718,0.2331827,0.2556954,0.2556954,0.2556954,0.33302358,0.33302358,0.33302358,0.33302358,0.67403734,0.67403734,0.67403734,0.67403734,0.67403734,0.67403734,0.67403734,0.67403734,0.67403734,0.67403734,0.67945343,0.67945343,0.67945343,0.67945343,0.67945343,0.67945343,0.7020729,0.7020729,0.7020729,0.7020729,0.7020729,0.7020729,0.7020729,0.7020729,0.7020729,0.7020729,0.7020729,0.7020729,0.7020729,0.7020729,0.7020729,0.7020729,0.7020729,0.7020729,0.7020729,0.7020729],[0.1655163,0.1655163,0.31323603,0.31323603,0.4197789,0.4197789,0.4197789,0.4197789,0.4197789,0.5295825,0.5295825,0.5295825,0.5295825,0.5295825,1],[0.15112087,0.1968353,0.1968353,0.1968353,0.1968353,0.39206523,0.39206523,0.39206523,0.39206523,0.39206523,0.39206523,0.45676973,0.5437732,0.5437732,0.5437732,0.5437732,0.5437732,0.5437732,0.5437732,0.5437732,0.5705701,0.5705701,0.5705701,0.5705701,0.5705701,0.5705701,0.5705701,0.5705701,0.5705701,0.5705701,0.5705701,0.5705701,0.5705701,0.5705701,0.5705701,0.5705701,0.5705701,0.5705701,0.5705701,0.5705701,0.5705701,0.5705701,0.5705701,0.5705701,0.5705701,0.5705701,0.5705701,0.5705701,0.5705701,0.5705701,0.5705701],[0.1968353,0.1968353,0.1968353,0.1968353,0.1968353,0.1968353,0.1968353,0.30568606,0.30568606,0.30568606,0.30568606,0.30568606,0.30568606,0.30568606,0.30568606,0.30568606,0.30568606,1],[0.1968353,0.1968353,0.1968353,0.22338213,0.22338213,0.22338213,0.22338213,0.22338213,0.22338213,0.25603247,0.37572187,0.37572187,0.37572187,0.37572187,1],[0.32387364,0.32387364,0.32387364,0.32387364,0.3531784,0.3531784,0.3531784,0.3531784,0.3531784,0.3710286,0.3710286,0.3710286,0.3710286,0.3710286,0.3710286,0.3710286,0.4029916,0.47413465,0.47413465,0.5109715,0.5109715,0.5137607,0.5137607,0.5137607,0.5137607,0.5137607,0.5137607,0.5137607,0.5137607,0.5502803,0.5502803,0.55265576,0.5602441,0.5602441,0.566844,0.57689464,0.7583381,0.7583381,0.7583381,0.7583381,0.7583381,0.7583381,0.7683326,0.7683326,0.7923745,0.7923745,0.81348854,0.81348854,0.81348854,0.81348854,0.81348854],[0.30944166,0.30944166,0.30944166,0.30944166,0.30944166,0.30944166,0.30944166,0.39394438,0.39394438,0.39394438,0.5719594,0.5719594,0.6138947,0.6138947,0.6138947,0.61684436,0.61684436,0.61684436,0.61684436,0.61684436,0.61684436,0.61684436,0.61684436,0.61684436,0.61714035,0.61714035,0.61714035,0.64912724,0.64912724,0.64912724,0.64912724,0.64912724,0.64912724,0.64912724,0.64912724,0.64912724,0.64912724,0.64912724,0.64912724,0.64912724,0.64912724,0.64912724,0.64912724,0.64912724,0.64912724,0.64912724,0.64912724,0.64912724,0.64912724,0.64912724,0.64912724],[0.14700273,0.1968353,0.1968353,0.19697087,0.23211488,0.23211488,0.24631618,0.24631618,0.2843842,0.2843842,0.31999263,0.31999263,0.31999263,0.65790975,0.65790975,0.65790975,0.65790975,0.65790975,0.65790975,0.65790975,0.65790975,0.65790975,0.65790975,0.65790975,0.65790975,0.65790975,0.65790975,0.65790975,0.65790975,0.65790975,0.65790975,0.65790975,0.65790975,0.65790975,0.67468625,0.67468625,0.67468625,0.67651904,0.78661036,0.78661036,0.79503226,0.80006945,0.80825484,0.80825484,0.80825484,0.80825484,0.81062794,0.81411463,0.81411463,0.8218692,0.8218692],[0.1968353,0.1968353,0.20950076,0.20950076,0.20950076,0.25666958,0.30568606,0.30568606,0.30568606,0.42477033,0.4297789,0.4297789,0.6406414,0.6406414,0.6406414,0.6657007,0.6657007,0.6657007,0.6657007,0.6657007,0.6657007,0.6657007,0.6657007,0.6657007,0.6657007,0.6657007,0.7439374,0.7439374,0.7439374,0.77082604,0.77082604,0.81444335,0.81444335,0.81444335,0.81444335,0.81444335,0.8701618,0.8701618,0.8701618,0.8701618,0.8701618,0.8701618,0.8701618,0.8701618,0.8701618,0.91116506,0.91116506,0.91116506,0.91396517,0.91765815,0.91765815],[0.1655163,0.1655163,0.1655163,0.1655163,0.1968353,0.22753268,0.22753268,0.22753268,0.24342245,0.26714206,0.3093842,0.35399452,0.44840223,0.48808536,0.48808536,0.48808536,0.48808536,0.48808536,0.5287611,0.5487348,0.55005246,0.5755242,0.5755242,0.5755242,0.5755242,0.5755242,0.5755242,0.5755242,0.5755242,0.5755242,0.5755242,0.5755242,0.5755242,0.5755242,0.5755242,0.58761656,0.58761656,0.58761656,0.59896725,0.59896725,0.59896725,0.59896725,0.6493293,0.6493293,0.6493293,0.6493293,0.6493293,0.6493293,0.6493293,0.6493293,0.6493293],[0.12928368,0.30568606,0.30568606,0.30568606,0.30568606,0.4353948,0.4353948,0.4353948,0.4353948,0.50508463,0.50508463,0.50508463,0.59506524,0.59506524,0.59506524,1],[0.16028099,0.17471153,0.17471153,0.1968353,0.22328046,0.23307648,0.23307648,0.23307648,0.28526753,0.28526753,0.28526753,0.28526753,0.28526753,0.28526753,0.3213372,0.3213372,0.35050452,0.35050452,0.46170282,0.46170282,0.7338158,0.7338158,0.753961,0.753961,0.753961,0.753961,0.753961,0.753961,0.753961,0.753961,0.753961,0.753961,0.753961,0.753961,0.753961,0.753961,0.753961,0.753961,0.753961,0.753961,0.753961,0.753961,0.753961,0.753961,0.753961,0.753961,0.753961,0.753961,0.753961,0.753961,0.753961],[0.12439991,0.13427849,0.1655163,0.1655163,0.19874991,0.19874991,0.19874991,0.19874991,0.19874991,0.19874991,0.19874991,0.3029819,0.31212053,0.31779778,0.31779778,0.4347023,0.4347023,0.4347023,0.4632106,0.49929366,0.55968523,0.5792191,0.5792191,0.59506524,0.59506524,0.59506524,0.59506524,0.59506524,0.69214547,0.69214547,0.69214547,0.69214547,0.6978721,0.6978721,0.6978721,0.6978721,0.6978721,0.70010406,0.70010406,0.70010406,0.70010406,0.70010406,0.70010406,0.70010406,0.70010406,0.70010406,0.76938623,0.76938623,0.76938623,0.76938623,0.81900287],[0.21606429,0.21606429,0.21606429,0.21606429,0.21606429,0.21606429,0.21606429,0.30568606,0.30568606,0.30568606,0.4248059,0.4248059,0.4248059,0.4546872,0.45575002,0.52008003,0.52008003,0.52008003,0.52008003,0.52008003,0.52008003,0.52008003,0.5461096,0.5461096,0.5461096,0.5461096,0.5801265,0.5801265,0.5801265,0.61017853,0.61017853,0.61017853,0.61017853,0.61017853,0.61017853,0.61017853,0.61017853,0.61017853,0.61017853,0.61017853,0.61017853,0.61831313,0.61831313,0.61831313,0.61831313,0.61831313,0.61831313,0.61831313,0.66145146,0.66145146,0.66145146],[0.106997624,0.17243838,0.17243838,0.17243838,0.17243838,0.17243838,0.21500136,0.21500136,0.30568606,0.30568606,0.30568606,0.30568606,0.30568606,0.30568606,0.39035317,0.41695356,0.54101235,0.54101235,0.54101235,0.54101235,0.54101235,0.6062129,0.6062129,0.6062129,0.6062129,0.6062129,0.6062129,0.6175666,0.6175666,0.79654205,0.79654205,0.79654205,0.79654205,0.79654205,0.79654205,0.79654205,0.79654205,0.79654205,0.79654205,0.79654205,0.79654205,0.79654205,0.79654205,0.79654205,0.79654205,0.79654205,0.79654205,0.79654205,0.79654205,0.79654205,0.79654205],[0.1968353,0.23307648,0.23307648,0.23307648,0.23307648,0.23307648,0.26083067,0.26563957,0.3337527,0.3337527,0.3337527,0.54303825,0.54303825,0.54303825,0.6061664,0.6061664,0.6061664,0.6492224,0.6492224,0.6492224,0.6492224,0.65112495,0.65112495,0.65112495,0.65112495,0.65112495,0.65112495,0.65112495,0.70786864,0.70786864,0.70786864,0.70786864,0.70786864,0.70786864,0.70786864,0.70786864,0.70786864,0.70786864,0.70786864,0.70786864,0.70786864,0.70786864,0.70786864,0.70786864,0.70786864,0.70786864,0.70786864,0.70786864,0.70786864,0.70786864,0.70786864],[0.1655163,0.23521993,0.28860316,0.28860316,0.28860316,0.28860316,0.28860316,0.28860316,0.33302358,0.33302358,0.33302358,0.33302358,0.33302358,0.33302358,0.33302358,0.48753017,0.48753017,0.48753017,0.48753017,0.48753017,0.48753017,0.48753017,0.48753017,0.48753017,0.48753017,0.48753017,0.48753017,0.48753017,0.48753017,0.48753017,0.48753017,0.48753017,0.50370425,0.50370425,0.50370425,0.50370425,0.50370425,0.50370425,0.50370425,0.50370425,0.50370425,0.50370425,0.50370425,0.50370425,0.50370425,0.50370425,0.50370425,0.50370425,0.50370425,0.50370425,0.50370425],[0.13185398,0.14700273,0.1968353,0.1968353,0.1968353,0.1968353,0.1968353,0.4280477,0.4280477,0.4280477,0.4280477,0.4280477,0.4280477,0.4280477,0.4280477,0.4280477,0.4280477,1],[0.24942046,0.24942046,0.24942046,0.29587454,0.29587454,0.29587454,0.30568606,0.30568606,0.40990743,0.40990743,0.40990743,0.48895535,0.48895535,0.48895535,0.48895535,0.48895535,0.48895535,0.48895535,0.48895535,0.48895535,0.48895535,0.5926482,0.5926482,0.62146556,0.62146556,0.62146556,0.62146556,0.62146556,0.62146556,0.69970816,0.69970816,0.69970816,0.69970816,0.72895336,0.72895336,0.72895336,0.72895336,0.72895336,0.72895336,0.72895336,0.72895336,0.72895336,0.72895336,0.72895336,0.72895336,0.72895336,0.72895336,0.72895336,0.72895336,0.72895336,0.72895336],[0.14700273,0.1968353,0.1968353,0.239165,0.239165,0.239165,0.30568606,0.32387364,0.32387364,0.32387364,0.32387364,0.41481116,0.41914833,0.41914833,0.51292634,0.51292634,0.5966821,0.5966821,0.5966821,0.5966821,0.5966821,0.5966821,0.5966821,0.5966821,0.5966821,0.5966821,0.5966821,0.5966821,0.5966821,0.5966821,0.5966821,0.5966821,0.6039709,0.6039709,0.6039709,0.66045046,0.7190709,0.7190709,0.7190709,0.7190709,0.7190709,0.7190709,0.7190709,0.7190709,0.7190709,0.7190709,0.7190709,0.7190709,0.7190709,0.7190709,0.7190709],[0.1968353,0.1968353,0.1968353,0.1968353,0.2043107,0.2043107,0.22446382,0.22446382,0.29111037,0.29111037,0.29111037,0.29111037,0.44334453,0.44334453,0.44334453,0.44334453,0.5422142,0.5422142,0.5422142,0.6059716,0.76520807,0.76520807,0.76520807,0.76520807,0.76520807,0.78394836,0.78394836,0.80989516,0.80989516,0.80989516,0.80989516,0.82020086,0.82020086,0.82020086,0.8429752,0.8471921,0.8554989,0.8554989,0.8774891,0.8774891,0.8774891,0.8774891,0.8814255,0.8945995,0.8945995,0.8945995,0.8945995,0.8945995,0.8945995,0.90114415,0.90114415],[0.124774404,0.1968353,0.1968353,0.1968353,0.1968353,0.2160396,0.43481493,0.43481493,0.43481493,0.54514086,0.54514086,0.54514086,0.54514086,0.59070027,0.59070027,0.61429936,0.61429936,0.61429936,0.6444259,0.6528127,0.6528127,0.6528127,0.6528127,0.6528127,0.6528127,0.6528127,0.68987155,0.68987155,0.68987155,1],[0.1655163,0.1655163,0.1968353,0.1968353,0.19865322,0.24850075,0.24850075,0.25551412,0.33102784,0.45267305,0.45267305,0.48408273,0.50763696,0.5551785,0.5551785,0.5551785,0.5551785,0.5551785,0.5551785,0.5551785,0.5551785,0.5551785,0.5551785,0.5551785,0.58110124,0.58110124,0.6120274,0.6120274,0.6120274,0.6120274,0.6120274,0.6120274,0.61932665,0.61932665,0.61932665,0.61932665,0.61932665,0.61932665,0.61932665,0.61932665,0.61932665,0.61932665,0.61932665,0.61932665,0.61932665,0.61932665,0.61932665,0.61932665,0.61932665,0.61932665,0.61932665],[0.15182085,0.20229323,0.20229323,0.20229323,0.20229323,0.20229323,0.258667,0.4388197,0.4388197,0.4388197,0.4388197,0.5031503,0.54478174,0.5562395,0.5598854,0.6007803,0.6007803,0.6007803,0.6007803,0.6007803,0.6449665,0.6449665,0.6449665,0.6449665,0.6449665,0.6449665,0.6449665,0.6449665,0.6449665,0.6449665,0.6449665,0.6449665,0.6449665,0.6449665,0.6449665,0.6449665,0.6449665,0.6449665,0.6449665,0.6449665,0.64621645,0.64621645,0.64621645,0.64621645,0.64621645,0.69061375,0.69061375,0.69061375,0.69061375,0.69061375,0.69061375],[0.12854765,0.12854765,0.1428619,0.17413831,0.1968353,0.2667224,0.2873277,0.2873277,0.30568606,0.30568606,0.30568606,0.30568606,0.3262585,1],[0.1655163,0.1655163,0.28470796,0.28470796,0.28470796,0.4989196,0.4989196,0.4989196,0.4989196,0.5221608,0.60025156,0.6606981,0.6606981,0.6606981,0.6606981,0.6606981,0.6656817,0.66908824,0.66908824,0.66908824,0.66908824,0.66908824,0.66908824,0.66908824,0.6723778,0.6723778,0.6782809,0.6782809,0.6782809,0.6782809,0.6782809,0.6782809,0.6782809,0.6782809,0.6782809,0.6782809,0.6972481,0.6972481,0.6972481,0.7112923,0.7112923,0.7198368,0.7198368,0.7198368,0.7198368,0.7198368,0.7198368,0.7198368,0.7198368,0.7198368,0.721469],[0.19802755,0.19802755,0.19812696,0.73614055,0.73614055,0.73614055,0.73614055,0.73614055,0.73614055,0.73614055,0.73614055,0.73614055,0.73614055,0.73614055,0.73614055,0.73614055,0.73614055,0.73614055,0.73614055,0.73614055,0.73614055,0.73614055,0.73614055,0.7749419,0.7749419,0.7749419,0.7749419,0.7749419,0.7749419,0.8039949,0.8039949,0.8039949,0.8039949,0.8039949,0.8039949,0.8039949,0.8039949,0.8039949,0.8039949,0.8039949,0.8039949,0.8039949,0.86150074,0.8702187,0.8702187,0.8702187,0.8702187,0.8702187,0.8702187,0.8702187,0.8702187],[0.1968353,0.1968353,0.1968353,0.2305025,0.24653487,0.24653487,0.38388032,0.38388032,0.42067224,0.42067224,0.46072415,0.51288337,0.51288337,0.51288337,0.5504579,0.5504579,0.7008203,0.7008203,0.7008203,0.7008203,0.7447045,0.7447045,0.8476174,0.8476174,0.8476174,0.8476174,0.8476174,0.8476174,0.8476174,0.8476174,0.8476174,0.8476174,0.8476174,0.8476174,0.8476174,0.8476174,0.8476174,0.8476174,0.8476174,0.8476174,0.8476174,0.8476174,0.8476174,0.8476174,0.8476174,0.8476174,0.8476174,0.8476174,0.8476174,0.8476174,0.8476174],[0.12928368,0.1968353,0.1968353,0.1968353,0.1968353,0.1968353,0.23307648,0.2858512,0.30568606,0.30568606,0.3644984,0.3644984,0.3644984,0.3919401,0.3919401,0.3919401,1],[0.1655163,0.18499616,0.21371026,0.2294921,0.30568606,0.3757446,0.3757446,0.40662783,0.43536258,0.4771747,0.4771747,0.4771747,0.4771747,0.5569078,0.5569078,0.5569078,0.5569078,0.5725939,0.66712034,0.66712034,0.66712034,0.66712034,0.66712034,0.66712034,0.66712034,0.66712034,0.66712034,0.66712034,0.66712034,0.66712034,0.66712034,0.66712034,0.66712034,0.66712034,0.66712034,0.66712034,0.67225826,0.67225826,0.67225826,0.67225826,0.67225826,0.67225826,0.67225826,0.67225826,0.67225826,0.67225826,0.67225826,0.67225826,0.67225826,0.67225826,0.67225826],[0.17758422,0.1968353,0.1968353,0.1968353,0.20018578,0.30568606,0.30568606,0.38974476,0.42732844,0.42732844,0.42732844,0.42732844,0.5893987,0.5893987,0.5893987,0.7287434,0.7287434,0.7287434,0.7287434,0.7287434,0.7287434,0.7287434,0.7287434,0.7287434,0.7287434,0.7287434,0.7287434,0.7287434,0.7287434,0.7287434,0.7287434,0.7287434,0.7287434,0.7287434,0.7287434,0.7287434,0.7287434,0.7287434,0.7287434,0.7287434,0.7287434,0.7287434,0.7287434,0.7287434,0.7287434,0.7287434,0.7287434,0.7287434,0.7287434,0.7287434,0.7287434],[0.1968353,0.1968353,0.1968353,0.3055402,0.3055402,0.30568606,0.30568606,0.30568606,0.30568606,0.30568606,0.30568606,0.30568606,0.30568606,0.48486194,0.48486194,0.48486194,0.48486194,0.48486194,0.48486194,0.48486194,0.48486194,0.48486194,0.48486194,0.5247167,0.5247167,0.5247167,0.5247167,0.5475223,0.5475223,0.5475223,0.6200214,0.6200214,0.6200214,0.6200214,0.6200214,0.6200214,0.6200214,0.6200214,0.6200214,0.6200214,0.6200214,0.6200214,0.6200214,0.6200214,0.6200214,0.6200214,1],[0.16028099,0.1968353,0.20874056,0.20874056,0.33551648,0.33551648,0.33551648,0.33551648,0.33551648,0.33551648,0.3659016,0.4258231,0.4258231,0.47789547,0.50778687,0.575113,0.6126975,0.6126975,0.6126975,1]],"bestOfRun":[0.6242596,0.74270797,0.6666784,0.48445174,0.7634615,0.7345843,0.7150251,0.5756717,1,0.83592004,1,0.6863489,1,0.78376985,0.7501574,0.76605314,1,0.7020729,1,0.5705701,1,1,0.81348854,0.64912724,0.8218692,0.91765815,0.6493293,1,0.753961,0.81900287,0.66145146,0.79654205,0.70786864,0.50370425,1,0.72895336,0.7190709,0.90114415,1,0.61932665,0.69061375,1,0.721469,0.8702187,0.8476174,1,0.67225826,0.7287434,1,1],"avgSizeLog":[[15.776,13.742,13.418,14.23,15.262,17.164,19.932,22.386,26.742,30.602,32.964,35.65,37.132,39.56,41.668,43.588,45.614,47.572,48.616,51.87,54.558,56.298,61.392,67.182,70.722,69.298,72.454,75.446,80.162,84.604,86.198,90.606,89.408,88.936,88.434,89.33,87.72,88.426,93.838,94.404,95.09,95.644,99.1,101.404,102.72,101.828,101.564,104.984,107.254,109.706,109.392],[14.224,12.484,11.99,11.832,11.564,11.472,10.592,11.502,11.722,12.142,12.042,12.964,14.156,14.966,15.436,16.418,17.616,18.32,21.298,23.762,25.852,28.346,33.392,35.516,38.518,40.29,41.648,44.466,45.656,45.578,47.076,49.468,50.894,52.558,52.028,54.22,53.016,54.458,56.484,57.214,55.262,56.652,55.36,55.236,55.466,57.344,58.818,63.682,68.932,69.828,72.694],[14.848,12.01,10.36,9.626,9.104,8.29,7.706,7.318,6.936,6.736,6.608,6.846,7,7.388,7.592,8.324,9.698,11.12,14.424,17.974,22.362,26.006,30.078,31.906,33.072,35.166,38.096,42.486,43.198,46.488,48.654,50.956,56.554,59.732,60.39,61.554,61.628,64.248,64.772,64.56,68.908,75.198,77.244,81.232,79.012,79.384,79.188,81.736,82.208,82.804,85.052],[15.17,12.822,11.9,11.304,10.842,10.182,10.876,11.728,12.796,13.668,16.026,18.27,20.066,23.652,27.286,30.938,33.236,37.084,39.062,40.704,42.694,43.468,44.408,46.09,47.382,49.846,49.498,52.58,53.378,56.536,60.2,62.682,65.452,66.268,66.926,67.74,68.258,71.214,70.47,69.196,68.898,68.78,69.09,69.418,68.71,71.358,72.882,72.318,73.784,73.65,74.472],[14.282,12.752,12.478,11.5,10.27,10.068,9.76,9.548,9.422,9.268,9.64,10.436,11.308,12.14,13.356,14.472,15.9,16.96,17.944,20.362,21.94,21.916,23.682,25.266,27.674,29.53,30.096,30.962,31.308,32.462,35.888,35.888,36.092,37.15,38.772,38.876,37.708,38.872,37.776,38.258,38.03,37.876,37.492,37.64,39.086,38.882,38.532,39.322,40.662,41.384,41.612],[15.168,14.198,13.1,13.368,12.282,13.53,12.448,10.6,9.666,9.78,9.636,9.882,9.606,8.73,8.85,8.938,8.934,9.094,10.098,11.61,14.83,17.152,18.796,20.086,21.594,22.998,24.876,25.074,26.248,26.938,27.456,29.184,29.6,29.864,28.74,29.124,31.042,30.796,29.424,29.998,29.922,31.202,29.936,30.144,32.542,32.338,33.82,35.304,35.154,35.006,36.044],[15.346,14.424,14.048,13.73,13.602,13.628,12.286,11.582,12.064,12.392,13.202,13.87,15.596,19.264,22.786,28.074,31.858,34.046,38.29,42.848,47.008,54.008,60.43,63.208,65.97,68.816,73.562,75.694,74.51,75.258,77.444,78.898,80.436,81.17,83.098,79.044,79.562,78.692,79.7,80.358,82.394,81.928,83.338,82.532,84.42,84.006,82.358,83.27,85.032,87.782,87.91],[15.198,13.014,12.446,11.726,11.876,11.6,12.456,12.122,12.516,13.702,15.09,16.64,18.34,21.864,24.348,26.356,29.332,32.5,32.446,34.18,37.394,40.906,40.056,43.628,46.226,49.448,50.906,53.814,56.504,58.346,60.588,60.92,62.674,65.368,65.5,66.612,67.704,70.158,72.978,75.356,78.944,79.712,80.38,82.222,79.856,83.446,83.012,83.936,84.272,84.1,87.62],[14.886,14.272,13.17,13.212,11.86,11.216,11.894,11.858,11.696,12.114,13.298,14.05,15.838,19.282,22.64],[14.794,12.872,12.55,11.314,11.3,11.112,10.848,11.468,11.132,13.01,15.35,17.594,20.62,24.944,26.538,30.792,33.504,36.35,39.574,41.742,47.36,50.876,52.25,53.856,56.042,56.11,54.746,54.738,54.31,53.972,53.712,52.13,51.326,51.294,50.112,50.346,50.206,50.788,52.224,50.524,54.424,53.47,53.826,57.304,57.054,60.152,59.78,61.696,64.418,67.714,70.354],[14.782,13.102,11.45,10.502,10.27,9.022,8.024,7.298,6.678,6.478,6.09,6.046,6.52,6.89,6.774,6.83,7.366,7.25,7.418,8.146,8.816,8.964,9.258,9.536,9.658,10.554],[14.416,12.956,12.776,12.748,12.906,14.046,15.528,16.782,19.664,25.31,30.56,34.736,37.496,45.562,48.08,48.578,48.118,50.418,52.174,51.226,51.094,52.204,53.808,57.256,63.084,66.27,64.042,63.772,67.718,69.728,70.658,69.564,69.876,68.276,71.92,74.102,71.072,67.75,67.928,68.972,71.29,70.22,69.754,66.904,67.748,67.944,70.542,70.922,70.574,70.948,71.256],[14.76,12.804,11.688,11.258,10.982,11.384,10.596,11.346,11.87,12.492,13.772,16.38,18.744,22.414,25.054,27.262,31.368,36.088,40.934,42.724,44.482],[14.76,13.172,12.772,11.564,10.178,9.372,8.868,8.344,8.194,8.046,8.288,8.444,8.04,7.964,7.844,8.144,8.664,8.866,9.164,9.186,8.93,8.732,8.606,8.824,9.544,10.69,11.598,13.384,13.996,15.426,16.544,17.202,19.934,21.58,23.65,25.066,26.736,30.07,31.038,34.134,33.926,36.074,37.474,39.356,38.958,38.882,37.194,38.802,40.072,38.712,39.56],[14.764,13.01,11.664,10.638,9.456,9.692,9.566,9.464,9.716,9.706,9.42,9.316,9.716,9.982,10.24,10.84,11.456,12.884,15.174,16.658,18.768,21.42,23.182,25.426,29.522,31.398,31.982,33.342,34.488,34.492,36.48,36.302,36.376,38.02,40.42,41.934,42.478,42.57,46.544,47.104,48.656,52.626,55.576,60.354,63.948,63.71,67.52,69.076,75.082,74.78,78.526],[14.604,12.08,10.888,10.224,9.782,10.396,10.666,11.5,13.058,17.124,21.374,25.094,29.92,31.654,34.874,37.088,41.784,43.77,45.03,46.956,45.708,45.968,44.868,45.832,47.548,48.432,48.312,51.946,52.57,54.07,55.062,57.316,58.274,61.032,60.356,59.206,59.016,60.036,61.314,62.74,61.748,62.524,63.754,64.962,64.054,64.796,65.268,65.056,66.59,66.334,65.664],[14.576,12.232,10.978,10.142,9.962,10.048,10.816,12.4,15.448,16.212,17.76,21.324],[14.53,12.832,11.802,12.372,12.46,12.318,12.19,12.628,12.494,11.188,11.048,11.074,11.624,13.358,15.092,16.434,17.776,18.118,19.884,21.358,23.622,23.362,25.16,25.972,27.272,27.904,29.942,30.608,31.23,32.884,32.794,36.314,38.028,38.702,39.77,39.91,41.05,40.396,40.98,39.566,40.25,38.504,40.668,40.012,39.342,38.716,39.196,38.962,37.418,37.932,36.66],[14.508,12.506,11.578,11.444,11.276,11.218,10.274,10.82,10.992,12.756,15.36,18.344,20.574,22.748,24.058],[15.01,13.422,12.538,11.316,10.904,10.11,10.342,10.51,10.434,11.082,11.93,13.07,14.862,15.684,16.83,18.988,20.988,21.714,22.852,24.12,25.062,26.232,25.946,27.15,27.208,28.224,29.938,30.278,31.1,33.36,33.428,34.932,35.04,34.936,34.704,35.91,36.348,36.718,37.962,37.702,41.294,41.88,42.734,42.188,41.582,44.638,43.69,43.736,44.39,43.646,45.27],[14.738,12.87,12.158,12.28,10.958,9.614,9.148,9.1,8.49,8.062,7.874,7.104,7.418,7.644,7.592,7.532,8.062,7.774],[15.11,12.814,11.342,9.97,8.14,7.52,7.008,6.396,6.364,6.56,6.938,8.072,8.798,9.818,10.348],[14.906,13.666,12.418,12.078,12.184,12.05,12.922,13.308,13.308,15,15.272,17.072,18.944,21.716,25.468,30.568,39.778,51.298,62.232,72.314,79.09,81.356,83.48,87.722,91.468,93.396,96.11,97.706,96.788,98.812,97.66,96.92,97.426,97,100.328,100.208,101.808,104.556,104.524,106.262,107.536,107.116,108.992,116.754,119.72,121.392,126.254,124.368,131.03,129.472,133.044],[14.99,13.138,12.144,11.034,11.838,12.278,12.326,12.466,13.032,15.138,16.368,18.464,18.49,19.402,21.302,22.084,24.158,25.538,25.994,25.942,27.926,29.148,31.514,31.882,34.322,36.484,38.19,40.276,41.64,42.3,45.284,46.338,46.732,48.52,49.708,48.068,48.29,47.75,48.376,50.044,54.756,56.834,59.006,57.652,61.158,60.15,64.954,65.506,69.33,70.336,69.972],[15.418,13.776,12.568,10.85,11.322,9.988,10.004,9.02,8.056,7.182,7.594,7.32,7.278,7.974,8.108,8.632,9.2,9.908,11.02,12.456,13.502,14.858,15.952,17.776,20.438,23.51,25.722,29.096,32.562,35.164,37.314,39.138,40.558,40.646,42.298,42.278,43.678,44.832,45.816,46.226,47.802,48.122,50.296,48.688,48.688,47.928,47.994,49.898,50.606,50.828,50.35],[15.788,13.1,12.128,11.668,10.918,9.572,8.896,8.958,8.648,9.066,10.126,11.77,12.644,13.45,13.574,16.098,18.408,20.406,23.408,26.196,28.6,33.316,37.65,40.138,42.884,42.438,47.488,47.406,47.738,47.378,49.282,48.776,49.876,49.296,50.428,50.326,52.014,54.004,52.646,51.616,50.696,51.314,50.052,49.93,49.886,48.784,49.004,49.22,49.062,49.008,48.894],[14.718,12.896,11.78,10.634,10.714,9.284,9.014,9.326,8.69,8.254,8.12,8.642,8.87,10.02,10.846,11.6,12.84,15.53,19.53,23.37,25.944,27.262,29.508,31.66,33.174,35.306,37.628,42.542,44.9,45.034,46.512,49.114,51.01,49.646,49.758,50.672,51.066,53.574,56.032,56.358,56.836,56.224,58.104,62.362,64.602,62.368,65.326,68.04,70.084,72.528,75.548],[14.514,12.304,11.396,10.704,10.044,9.026,9.068,9.69,9.838,10.152,10.406,11.66,12.328,13.842,15.518,17.022],[14.686,13.332,12.532,11.794,11.814,10.808,10.394,10.336,10.604,10.41,10.616,10.216,9.992,10.548,11.184,11.188,13.082,14.708,17.448,21.814,26.384,29.372,32.284,37.466,40.444,41.046,41.426,42.356,43.434,44.278,44.174,45.508,45.878,45.238,47.408,49.126,51.832,56.374,59.04,62.046,62.534,64.652,65.324,66.084,67.278,68.366,69.596,71.61,70.936,72.672,73.096],[15.426,13.892,13.394,13.508,13.012,13.374,12.856,12.908,12.442,12.246,12.076,11.878,11.764,12.386,13.61,15.31,17.082,18.158,19.358,21.492,23.85,27.476,29.394,29.756,29.46,29.932,31.024,30.316,30.33,30.552,30.382,31.414,32.36,33.278,34.05,36.616,37.374,36.898,36.62,37.97,38.846,40.872,41.25,40.686,43.464,43.392,42.77,43.374,44.478,46.62,46.202],[15.45,13.11,12.312,11.778,10.096,8.638,7.71,7.408,7.424,7.966,9.166,10.012,10.864,12.54,13.71,15.612,16.474,18.922,22.766,25.6,27.936,29.616,31.108,33.992,35.93,38.598,41.406,44.07,45.496,47.502,50.566,54.27,56.29,58.134,62.578,64.164,66.476,66.836,67.118,67.79,69.554,72.132,73.622,72.496,75.748,74.206,75.62,75.126,79.838,82.682,84.844],[15.732,14.708,12.668,12.084,11.234,10.892,10.282,9.888,9.706,10.442,9.736,9.996,10.572,10.758,12.326,13.534,17.486,21.852,25.592,30.558,34.626,38.942,43.736,48.234,51.888,55.492,57.312,60.692,63.678,69.994,72.278,74.308,77.168,80.058,81.678,80.906,81.098,83.902,84.1,84.786,83.626,82.326,85.822,86.666,83.46,87.638,89.036,92.382,91.944,93.486,95.672],[14.706,12.848,10.95,10.302,10,9.456,9.44,9.218,8.786,9.568,10.33,11.256,12.304,14.604,16.012,18.866,21.346,23.856,26.848,29.318,30.258,34.052,35.328,36.912,39.302,40.76,41.934,43.786,44.51,44.522,46.854,49.32,51.472,50.704,50.046,49.752,49.496,51.004,51.096,51.928,52.024,53.278,52.584,53.348,52.986,51.334,52.95,52.478,51.1,51.114,51.6],[14.45,12.79,11.572,10.61,9.128,8.058,7.264,6.22,5.794,5.414,5.28,5.38,5.61,5.804,5.78,6.068,6.808,7.692,7.968,8.226,8.778,9.516,10.342,10.48,10.918,11.812,12.13,12.31,13.224,14.018,15.564,15.834,16.566,18.74,19.768,22.148,23.578,24.014,25.348,25.284,26.044,27.236,27.452,28.176,28.684,28.72,28.538,28.554,29.588,29.934,30.746],[14.888,12.612,11.338,10.47,10.67,10.608,9.314,8.922,8.734,8.41,8.512,8.356,8.812,8.596,8.368,8.578,9.218,9.946],[15.526,13.808,12.574,11.36,10.98,10.72,10.244,10.196,9.758,11.03,12.904,14.69,15.854,18.086,20.418,24.066,27.398,33.224,37.238,40.762,43.722,46.176,46.98,48.868,50.162,49.954,48.566,47.296,48.432,47.444,47.144,51.534,52.314,52.234,52.864,54.738,56.566,56.94,54.492,56.272,57.132,55.568,55.814,55.942,56.99,57.12,57.766,58.988,59.632,57.812,58.836],[15.072,13.49,13.294,13.406,13.368,12.582,12.248,11.774,11.086,12.852,13.356,14.87,16.382,17.39,17.988,19.9,22.246,23.786,25.274,26.066,26.92,28.094,29.25,30.05,32.052,33.918,35.016,35.69,36.518,38.616,38.866,39.25,41.322,43.674,46.958,49.382,50.51,52.742,55.008,55.56,57.786,57.41,57.834,57.54,58.254,58.282,57.284,54.782,56.752,58.002,59.632],[14.748,12.152,12.11,12.11,11.61,11.63,11.396,11.166,12.416,12.078,14.188,14.67,16.482,19.266,21.232,25.024,26.038,30.798,32.496,33.594,33.496,33.074,34.452,34.958,35.01,35.826,35.228,35.83,37.43,36.628,36.606,37.022,38.896,38.608,38.108,38.142,36.348,35.498,36.968,36.786,37.528,38.24,37.704,37.252,37.944,37.234,39.384,38.73,39.1,41.196,42.218],[15.138,13.77,13.562,13.114,12.79,13.33,13.58,14.624,15.68,17.264,20.26,21.164,24.774,28.642,30.312,32.85,32.982,32.974,33.752,35.6,36.372,37.894,40.966,39.712,40.396,41.69,40.666,42.206,42.398,42.2],[14.896,13.074,11.074,10.808,9.56,8.094,7.64,8.07,8.66,8.568,9.14,10.342,11.122,12.434,13.758,15.31,16.576,17.61,19.434,21.128,23.336,25.078,27.97,29.296,32.512,35.582,38.084,42.29,46.064,48.582,50.284,52.006,53.352,55.746,58.652,59.036,59.846,62.956,67.308,70.386,76.652,78.642,79.52,82.796,85.486,87.004,87.24,87.232,89.728,92.956,94.244],[15.122,13.636,12.734,12.128,12.194,10.858,10.92,10.332,10.376,11.874,13.664,17.842,23.708,29.738,33.142,37.384,42.922,46.908,48.822,49.632,53.15,54.322,57.32,60.304,63.46,66.4,68.476,69.756,72.988,75.26,77.808,79.444,81.476,85.334,88.956,88.574,88.588,88.598,92.294,97.02,100.676,101.716,103.454,102.662,100.698,107.222,109.876,112.236,118.052,118.242,117.55],[15.29,14.014,13.308,11.52,11.032,9.796,8.534,7.374,7.296,7.708,8.098,7.89,8.322,8.878],[15.078,12.946,12.456,12.916,12.86,14.306,16.956,20.084,22.588,25.148,27.516,31.472,33.408,36.396,41.05,46.168,51.246,55.976,61.73,66.646,71.486,74.64,75.71,81.668,85.986,89.952,91.614,97.05,97.85,100.24,99.194,100.25,101.736,104.828,104.686,104.844,106.768,107.678,106.338,106.842,107.29,108.142,109.6,114.13,113.39,113.996,112.342,111.32,113.03,117.03,118.874],[14.142,12.592,11.72,11.792,12.972,12.878,13.468,15.156,16.788,17.718,19.6,20.356,21.506,21.502,22.076,22.668,23.968,24.01,26.074,27.302,28.52,28.346,30.256,30.642,31.052,32.344,34.298,35.902,37.612,36.824,37.218,37.868,37.45,37.902,40.6,41.328,40.052,41.982,43.384,42.648,47.048,47.404,49.806,49.744,49.23,50.222,50.382,53.746,54.446,55.678,56.28],[15.34,12.382,12.062,10.882,10.216,9.046,9.328,9.498,9.812,10.692,11.298,12.78,15.128,16.934,17.582,19.278,21.774,24.108,25.622,27.158,30.738,32.28,35.442,36.438,36.254,35.496,35.54,36.598,37.906,39.122,39.81,39.008,38.894,39.318,39.564,40.412,40.844,41.232,41.746,40.19,42.582,41.972,42.638,43.896,44.382,44.466,42.872,43.444,43.956,43.566,43.664],[15.462,13.648,13.016,12.544,12.204,12.106,11.388,11.192,11.076,11.122,11.786,12.618,13.212,15.222,17.934,21.078,26.548],[15.342,12.988,12.464,11.542,10.98,10.91,12.45,13.828,15.246,16.908,18.568,20.804,21.812,23.676,24.912,24.16,24.278,24.204,25.344,24.94,25.77,27.19,26.93,25.998,26.958,28.682,29.046,30.26,32.092,32.648,33.086,35.774,35.778,36.736,37.514,36.944,39.454,41.384,41.576,44.308,44.244,45.08,45.208,47.584,48.566,47.146,46.31,46.094,46.052,46.596,46.592],[15.836,13.678,12.672,11.65,10.964,11.576,12.522,12.948,14.04,15.028,16.198,18.31,20.364,20.556,22.67,25.548,29.204,32.7,35.662,40.726,44.95,48.232,49.262,49.118,47.934,48.53,49.856,50.008,50.728,51.936,53.762,53.514,54.564,56.164,55.346,55.29,55.784,56.384,59.058,60.85,62.99,64.654,65.802,69.432,70.558,69.538,72.634,75.682,76.138,74.902,77.112],[14.886,13.268,11.092,10.506,9.04,8.196,7.694,7.852,8.102,8.8,10.51,11.7,11.796,11.868,12.956,13.93,16.3,17.648,19.76,22.328,24.44,27.78,31.008,32.406,34.306,36.99,41.072,41.344,44.794,47.796,50.48,52.418,52.796,54.242,54.444,55.472,55.046,53.438,53.738,55.07,53.67,52.744,53.448,52.662,53.698,54.724,57.062],[14.636,13.286,12.638,12.208,10.596,10.58,9.99,10.56,9.766,10.596,11.384,12.534,13.6,15.442,18.148,20.604,23.446,27.786,31.21,34.36]]}"



(\ x0 -> (*) ((*) ((*) (exp x0) (sin (cos x0))) ((-) ((*) (cos (cos (cos (cos x0
)))) x0) (rlog (cos ((*) (cos (exp (sin x0))) x0))))) ((+) (cos ((-) ((*) (cos (
exp x0)) ((*) (rlog (cos x0)) ((-) ((*) (rlog x0) x0) (rlog x0)))) ((*) (rlog x0
) x0))) (exp (rlog ((-) x0 (exp x0))))),0.5665252976855124,Nothing)
(\ x0 -> (*) x0 ((+) (exp x0) ((*) ((*) ((*) x0 ((+) (cos (cos ((*) ((*) (cos x0
) ((*) x0 x0)) (rdiv x0 x0)))) ((*) ((*) x0 ((+) ((*) x0 ((*) ((*) ((*) (cos x0)
 ((*) x0 x0)) (rdiv ((*) x0 x0) x0)) (sin (exp x0)))) (cos ((*) ((*) (cos x0) ((
*) x0 x0)) x0)))) (cos ((*) x0 ((*) ((-) x0 x0) ((*) x0 ((*) (sin (exp x0)) x0))
)))))) x0) (sin (cos (cos x0))))),0.7427079410185082,Nothing)
(\ x0 -> (*) ((+) (exp x0) ((*) ((*) (sin x0) ((*) (sin (sin x0)) (sin (sin x0))
)) ((+) (exp x0) ((*) ((*) ((*) ((+) ((-) (rdiv x0 x0) (rdiv x0 x0)) ((*) (sin (
(*) (exp (sin x0)) (exp (sin x0)))) (rdiv x0 x0))) ((*) x0 ((*) ((*) ((-) x0 x0)
 ((*) (sin x0) ((-) x0 x0))) ((*) (sin x0) ((+) (exp x0) x0))))) ((*) ((*) ((*)
((*) ((*) (rdiv x0 x0) ((*) (sin x0) (rdiv x0 (sin x0)))) ((*) ((*) (rdiv x0 x0)
 (sin ((*) x0 ((*) x0 x0)))) ((*) (sin x0) (exp x0)))) ((+) ((-) x0 x0) (sin x0)
)) ((*) (exp (sin x0)) x0)) ((+) ((-) (sin x0) x0) (sin x0)))) ((+) ((-) x0 x0)
((+) ((-) x0 x0) (sin x0))))))) x0,0.6184287808132636,Nothing)
(\ x0 -> (*) (exp x0) ((+) ((*) ((-) (exp x0) (sin ((+) (rdiv x0 x0) (sin (rdiv
x0 x0))))) (sin (rdiv x0 x0))) (sin (sin ((*) (sin (sin ((*) ((-) x0 ((*) (sin (
(*) ((-) (exp x0) (rdiv x0 x0)) (rlog ((*) (exp x0) ((+) (exp x0) x0))))) ((-) x
0 x0))) (rlog (rdiv x0 x0))))) (rlog ((*) (sin ((-) x0 x0)) (rlog ((*) (exp x0)
(rdiv x0 x0))))))))),0.48408349117637595,Nothing)
(\ x0 -> (*) ((+) x0 ((*) ((*) ((*) ((*) x0 x0) x0) (cos ((+) (rlog ((+) x0 ((*)
 (cos ((*) ((-) x0 x0) (exp ((+) x0 x0)))) ((*) (sin (cos (sin x0))) ((*) ((*) (
cos x0) ((+) x0 (cos ((+) x0 ((*) x0 x0))))) (cos ((+) x0 ((*) ((-) x0 x0) ((*)
x0 (cos x0)))))))))) x0))) x0)) (exp x0),0.6712939865614469,Nothing)
(\ x0 -> (+) ((*) x0 (cos ((*) (sin ((*) x0 (exp ((-) x0 ((-) x0 x0))))) ((-) ((
*) ((*) x0 ((*) x0 x0)) ((-) (sin x0) (cos (cos ((*) x0 x0))))) x0)))) ((*) x0 (
(-) (exp x0) (cos ((-) (exp x0) (cos x0))))),0.7053624339824314,Nothing)
(\ x0 -> (*) ((+) ((*) x0 ((*) (cos x0) ((*) ((*) (rdiv (sin ((*) x0 x0)) x0) x0
) (exp x0)))) ((-) (exp x0) ((-) x0 x0))) x0,0.6221966041376398,Nothing)
(\ x0 -> (*) (exp (rdiv ((-) (rdiv (sin x0) (rdiv ((*) (rdiv (rlog ((-) ((+) x0
x0) (cos x0))) x0) ((-) (rdiv ((-) (rlog ((-) (exp (sin (sin x0))) ((*) ((+) x0
x0) ((-) x0 x0)))) ((+) (sin x0) (rdiv x0 (exp x0)))) ((-) (exp x0) x0)) ((-) ((
+) ((-) ((*) x0 (sin x0)) ((-) (sin x0) (rdiv (rlog ((-) (exp x0) x0)) x0))) x0)
 ((-) ((-) ((*) (cos ((-) x0 x0)) (rlog x0)) ((-) x0 ((+) x0 x0))) x0)))) ((*) (
(*) (sin x0) (rlog ((-) ((-) (exp ((*) ((-) x0 x0) (rlog x0))) ((*) x0 ((-) ((-)
 x0 x0) x0))) ((*) ((-) x0 x0) ((*) x0 ((-) x0 x0)))))) ((*) x0 ((-) x0 x0)))))
((+) (sin x0) x0)) ((-) (exp x0) x0))) (rdiv x0 (exp ((-) ((-) x0 x0) ((+) x0 x0
)))),0.48271222058907376,Nothing)
(\ x0 -> (+) x0 ((*) ((+) ((+) ((*) x0 x0) x0) ((*) x0 (exp (rlog ((*) x0 x0))))
) x0),0.9999999999999982,Just 14)
(\ x0 -> (+) x0 ((*) ((+) ((*) (exp x0) (rlog (exp x0))) (rdiv ((*) ((*) ((+) ((
*) (exp x0) x0) ((+) ((*) ((*) (sin (sin x0)) (rlog (exp x0))) (rlog (exp x0)))
x0)) x0) (sin x0)) ((+) (exp (exp x0)) ((+) (sin ((-) (exp x0) ((*) (exp x0) (rl
og (exp x0))))) (exp (sin x0)))))) x0),0.8005156254732423,Nothing)
(\ x0 -> (+) ((+) ((*) x0 x0) ((*) x0 ((*) x0 ((+) ((*) x0 x0) x0)))) x0,0.99999
99999999984,Just 25)
(\ x0 -> (*) (exp ((+) x0 (sin ((*) (rdiv x0 ((+) ((*) ((*) ((*) x0 (rdiv (sin (
(+) x0 x0)) ((+) (rlog (exp x0)) ((+) x0 x0)))) (exp ((*) x0 x0))) ((+) x0 ((-)
x0 x0))) ((+) (sin x0) x0))) (sin ((*) ((+) x0 (rdiv x0 ((+) x0 x0))) ((*) x0 x0
))))))) x0,0.6232989364959303,Nothing)
(\ x0 -> rdiv ((*) ((+) ((*) (rdiv x0 (rdiv x0 x0)) x0) x0) ((+) ((*) ((*) x0 x0
) x0) x0)) x0,0.9999999999999978,Just 20)
(\ x0 -> (+) x0 ((*) ((+) (sin ((*) ((*) (rdiv ((*) x0 x0) ((*) ((*) x0 ((+) (si
n ((*) ((*) ((*) x0 (rdiv x0 x0)) ((*) x0 ((*) x0 x0))) (sin (rdiv x0 ((*) ((*)
x0 ((*) x0 x0)) (rdiv x0 ((*) x0 x0))))))) x0)) (rdiv x0 x0))) (rdiv ((*) x0 ((*
) x0 x0)) ((*) ((*) (exp x0) (sin x0)) (rdiv x0 x0)))) (sin (exp x0)))) (exp x0)
) ((*) x0 x0)),0.675644694627329,Nothing)
(\ x0 -> (+) ((*) ((*) x0 ((+) ((*) ((*) (sin (sin ((*) x0 x0))) ((*) x0 (sin (s
in (cos ((*) x0 x0)))))) ((*) ((*) ((*) ((*) ((*) (cos ((*) x0 x0)) ((+) ((*) x0
 ((*) (rdiv ((*) (exp x0) x0) ((*) (cos x0) ((*) (exp x0) (exp x0)))) ((*) ((*)
x0 ((*) x0 ((*) x0 x0))) x0))) ((*) ((*) ((*) x0 x0) ((*) x0 x0)) x0))) x0) (sin
 x0)) ((*) ((*) ((*) ((*) x0 x0) (sin x0)) x0) x0)) (rdiv x0 ((*) x0 ((+) ((*) (
(*) x0 x0) ((*) x0 ((+) ((*) x0 x0) x0))) x0))))) (sin ((*) x0 x0)))) ((*) ((*)
(cos x0) (exp x0)) x0)) ((*) (exp x0) x0),0.6770973762313852,Nothing)
(\ x0 -> (+) ((+) ((*) ((*) ((*) (rdiv (cos ((-) (cos ((-) (cos (cos (cos (sin x
0)))) x0)) x0)) (sin (cos x0))) (exp x0)) (cos (sin x0))) ((*) (rdiv (exp (sin x
0)) ((+) (rlog ((+) (exp (sin x0)) ((*) x0 x0))) (rdiv ((+) (sin (cos (cos ((*)
(sin x0) (sin x0))))) ((*) (cos (cos x0)) (exp x0))) ((*) x0 x0)))) x0)) ((*) x0
 x0)) x0,0.7438186122452992,Nothing)
(\ x0 -> (+) (exp (rlog ((+) ((*) x0 ((+) x0 ((*) x0 ((+) x0 (rlog (exp (rlog (e
xp ((*) x0 x0))))))))) ((-) x0 x0)))) x0,0.9999999999999984,Just 11)
(\ x0 -> (-) (exp x0) (cos ((*) ((+) ((+) x0 x0) (cos (cos ((*) (sin ((-) x0 ((+
) x0 x0))) ((+) ((-) x0 (exp x0)) ((*) ((+) x0 ((+) x0 x0)) ((*) (exp x0) ((*) (
sin x0) ((*) (cos x0) (cos ((*) x0 (sin x0)))))))))))) x0)),0.524483857841722,No
thing)
(\ x0 -> (*) (rdiv ((*) ((+) (rdiv x0 x0) ((*) x0 x0)) (sin (sin x0))) (sin (sin
 x0))) ((+) x0 ((*) x0 x0)),0.9999999999999987,Just 14)
(\ x0 -> (*) x0 (exp ((+) x0 (rdiv x0 (exp (exp ((*) (sin (rdiv (exp (rlog (rdiv
 x0 x0))) (exp (cos (sin ((-) x0 x0)))))) ((*) (rlog x0) ((*) (sin (rlog (sin x0
))) (sin (rdiv (rdiv x0 x0) (exp (exp x0)))))))))))),0.5293335469043801,Nothing)

(\ x0 -> (+) ((*) x0 ((+) x0 ((*) ((+) ((*) x0 x0) x0) x0))) x0,0.99999999999999
84,Just 17)
(\ x0 -> (+) ((*) ((+) ((+) x0 ((*) ((-) x0 ((-) x0 x0)) x0)) ((*) ((*) x0 x0) x
0)) x0) x0,0.9999999999999982,Just 14)
(\ x0 -> (*) ((*) x0 ((+) (exp (rdiv ((*) (sin ((*) ((*) x0 (sin (sin ((*) x0 (s
in x0))))) ((*) x0 x0))) (cos x0)) (rdiv (rlog ((+) (exp (rlog ((+) (exp (sin (c
os x0))) ((+) ((*) ((+) ((*) ((*) (exp x0) (exp x0)) ((-) x0 x0)) x0) (sin (cos
x0))) ((-) x0 x0))))) ((+) ((-) x0 x0) ((*) ((*) x0 (sin (sin ((*) x0 (rlog x0))
))) (exp ((-) ((+) x0 x0) (rdiv ((*) x0 ((+) x0 x0)) ((-) x0 x0)))))))) (sin (co
s x0))))) ((*) x0 (exp x0)))) (exp (rdiv (sin ((*) ((-) x0 x0) ((*) ((*) x0 x0)
(cos x0)))) ((*) ((*) ((*) (exp (rdiv ((*) (rlog x0) (cos x0)) x0)) (exp ((-) ((
+) x0 x0) (rlog (exp x0))))) (exp x0)) (exp ((-) ((+) x0 x0) (rlog (exp x0))))))
),0.7882220204893775,Nothing)
(\ x0 -> (*) ((+) ((*) (sin (sin ((*) ((-) ((*) (cos (sin ((*) x0 x0))) x0) ((*)
 (rdiv ((+) ((*) (cos x0) x0) x0) x0) ((*) ((-) x0 x0) ((-) x0 x0)))) (sin (sin
((+) x0 ((*) ((*) ((*) (sin (sin (sin ((*) (exp x0) ((-) x0 x0))))) ((*) x0 x0))
 x0) ((*) (cos (cos x0)) ((*) ((*) ((*) ((+) ((*) ((-) x0 x0) x0) x0) ((-) x0 x0
)) (sin (sin ((*) x0 x0)))) x0))))))))) ((*) x0 x0)) x0) (exp x0),0.637360885320
31,Nothing)
(\ x0 -> (*) ((*) ((+) (exp x0) ((*) (sin x0) ((*) x0 ((+) (cos (sin x0)) x0))))
 (sin ((+) (sin ((+) (sin x0) (cos (sin (sin (sin ((+) ((+) (sin ((*) x0 (sin x0
))) (cos (sin (sin ((+) (sin x0) ((+) x0 x0)))))) ((*) (sin (exp x0)) ((*) x0 ((
*) (sin ((*) x0 ((*) x0 x0))) (sin x0))))))))))) (cos (sin ((*) (sin (sin x0)) (
cos (sin (sin ((+) ((*) (exp x0) ((*) (sin ((*) x0 x0)) x0)) ((*) (sin (exp x0))
 ((*) x0 ((*) (cos x0) ((*) x0 x0)))))))))))))) x0,0.8216747651609252,Nothing)
(\ x0 -> rdiv ((+) x0 ((*) x0 ((*) (exp ((*) (sin ((+) ((*) x0 x0) x0)) (rdiv (c
os x0) ((+) (cos x0) (exp ((+) ((-) ((*) x0 x0) x0) x0)))))) x0))) (cos x0),0.91
76581570826564,Nothing)
(\ x0 -> (+) ((*) x0 (exp x0)) ((*) (sin (sin (sin (cos (sin ((*) (sin (sin ((*)
 x0 ((+) ((*) x0 (cos x0)) (sin (cos x0)))))) ((*) (sin (cos x0)) (sin ((*) (exp
 x0) x0))))))))) ((*) ((+) x0 ((*) x0 ((*) ((+) x0 ((+) x0 ((+) ((*) x0 x0) ((*)
 x0 ((+) (exp x0) ((*) x0 x0)))))) ((-) x0 x0)))) ((*) x0 ((*) x0 ((*) (sin ((+)
 x0 ((+) (sin (exp x0)) (sin ((*) x0 ((*) x0 x0)))))) (exp x0)))))),0.6167330630
909983,Nothing)
(\ x0 -> (+) ((*) x0 ((+) ((*) ((+) ((*) x0 x0) x0) x0) x0)) x0,0.99999999999999
84,Just 15)
(\ x0 -> (*) ((+) (exp x0) (sin ((*) (sin ((*) (cos ((+) x0 (rlog ((*) (sin x0)
(rdiv x0 x0))))) ((*) ((+) (sin (rlog (cos x0))) ((*) (exp x0) (exp ((-) x0 ((*)
 x0 x0))))) (sin x0)))) ((*) ((+) ((*) (sin x0) ((*) (exp ((+) ((*) ((*) (sin x0
) (rdiv (rlog (sin x0)) (exp x0))) (rdiv x0 x0)) (cos (sin x0)))) x0)) ((*) ((*)
 (exp (rlog (sin (rdiv (rdiv x0 x0) (rdiv x0 x0))))) (rdiv (sin ((*) (sin x0) (s
in x0))) ((*) (cos x0) (rdiv ((+) (exp ((*) x0 x0)) ((*) (rdiv x0 x0) (sin x0)))
 (rdiv x0 x0))))) (sin x0))) (sin x0))))) x0,0.5967088236775803,Nothing)
(\ x0 -> (+) ((*) (exp ((+) x0 (rdiv x0 ((+) ((+) ((*) ((+) ((+) ((*) ((+) ((*)
(exp x0) (rdiv x0 x0)) ((+) (rdiv x0 x0) x0)) (rdiv (rdiv x0 x0) ((*) x0 x0))) x
0) x0) ((+) x0 (rdiv (rdiv x0 x0) ((+) ((*) ((+) ((*) x0 (exp x0)) x0) x0) (rdiv
 (rdiv x0 x0) ((*) x0 x0)))))) x0) x0)))) ((*) x0 x0)) x0,0.8190028828674468,Not
hing)
(\ x0 -> (*) x0 ((+) (exp x0) ((+) ((*) ((-) x0 x0) x0) ((+) ((*) x0 ((*) ((*) (
exp x0) ((*) x0 (cos x0))) (sin x0))) ((*) ((+) x0 (exp x0)) ((*) ((-) x0 x0) ((
*) ((*) x0 ((+) x0 ((*) x0 ((+) (exp x0) ((-) x0 x0))))) (exp x0))))))),0.618313
1236063043,Nothing)
(\ x0 -> (*) ((+) ((*) ((+) x0 (sin ((*) (sin ((+) ((+) ((*) (rdiv x0 (exp x0))
((*) (sin ((*) (sin ((+) ((-) ((-) x0 x0) x0) (sin ((-) x0 x0)))) ((*) ((*) x0 x
0) ((+) x0 (rdiv x0 x0))))) x0)) (rdiv (exp x0) (rdiv x0 ((-) x0 x0)))) (sin (rd
iv (exp x0) (rdiv x0 x0))))) (cos (sin ((*) (sin ((+) ((-) (sin ((+) ((-) ((-) x
0 x0) x0) (sin ((*) x0 x0)))) x0) (sin ((*) (exp x0) ((*) (rdiv x0 x0) (sin x0))
)))) (exp x0))))))) ((*) x0 x0)) (rdiv (exp x0) (rdiv x0 x0))) x0,0.749703341667
0783,Nothing)
(\ x0 -> (*) ((+) ((*) x0 (rdiv ((*) ((+) (sin ((*) (rdiv ((*) x0 (rdiv ((*) (rd
iv (exp x0) ((-) x0 x0)) x0) (exp ((*) x0 x0)))) (exp ((*) x0 (sin ((*) x0 ((*)
x0 x0)))))) (rdiv ((*) ((*) x0 x0) (cos ((*) (exp x0) (exp x0)))) (exp x0)))) ((
*) ((+) (exp x0) ((*) x0 x0)) x0)) x0) (exp ((*) x0 x0)))) (exp x0)) x0,0.627363
07305241,Nothing)
(\ x0 -> (-) (exp x0) (cos ((-) (exp x0) (cos ((*) x0 ((-) (exp x0) (cos ((*) x0
 (cos ((*) x0 ((*) x0 (exp x0))))))))))),0.410198165410539,Nothing)
(\ x0 -> (+) ((*) ((+) ((*) ((+) ((*) x0 x0) x0) x0) x0) x0) x0,0.99999999999999
84,Just 17)
(\ x0 -> (+) ((*) ((*) x0 x0) (rlog ((-) x0 ((-) x0 ((+) x0 (rdiv ((+) ((*) ((*)
 x0 ((*) ((*) ((*) (exp x0) x0) (exp x0)) ((-) x0 x0))) (rlog ((-) x0 ((+) ((*)
x0 ((*) x0 (exp x0))) x0)))) ((*) x0 ((*) (rdiv (exp x0) ((*) x0 x0)) ((*) x0 x0
)))) (cos (rlog x0)))))))) ((*) x0 (exp x0)),0.728953388090769,Nothing)
(\ x0 -> (*) x0 (exp ((+) ((*) ((*) x0 x0) ((*) (cos (cos x0)) ((+) ((*) x0 ((-)
 ((*) (cos ((*) (cos (cos x0)) (sin x0))) ((-) (sin ((+) ((*) ((*) x0 ((-) x0 x0
)) ((*) x0 ((-) x0 x0))) x0)) ((*) ((-) ((-) ((*) ((+) ((+) x0 x0) x0) ((-) x0 (
(-) x0 x0))) x0) x0) ((*) ((*) (sin x0) (sin (cos (cos ((-) x0 x0))))) ((*) x0 (
(*) ((-) x0 x0) (sin (rdiv (sin x0) x0)))))))) x0)) (sin x0)))) x0)),0.594354426
8903279,Nothing)
(\ x0 -> (+) ((*) ((*) ((+) (cos (cos ((*) ((*) ((*) (cos (sin x0)) ((+) ((*) ((
*) (rlog x0) ((+) x0 ((-) ((*) (sin x0) x0) x0))) (cos x0)) x0)) (cos (exp x0)))
 (rlog (exp (sin ((-) ((*) ((*) ((+) x0 ((-) x0 x0)) x0) ((*) x0 x0)) (cos ((+)
x0 ((+) ((*) ((*) x0 x0) (cos x0)) ((*) (exp x0) x0))))))))))) x0) x0) ((*) x0 (
sin (sin x0)))) ((*) (exp x0) x0),0.9011441220828977,Nothing)
(\ x0 -> (*) ((+) (cos ((-) x0 x0)) ((*) x0 x0)) ((+) ((*) x0 x0) x0),0.99999999
99999982,Just 29)
(\ x0 -> (*) ((+) ((+) ((+) (exp x0) (sin ((*) ((+) ((*) x0 x0) (sin ((*) (sin (
(*) ((*) (sin (exp x0)) (exp x0)) x0)) x0))) ((*) (sin ((*) ((*) (sin x0) (exp x
0)) x0)) x0)))) ((*) ((*) ((*) (sin x0) (exp x0)) x0) ((*) ((*) (exp x0) ((-) x0
 x0)) ((+) (exp x0) ((+) (exp x0) (exp x0)))))) ((*) ((*) ((*) ((*) ((*) x0 ((*)
 x0 (cos ((+) (exp x0) ((+) ((*) ((*) x0 (exp x0)) x0) (exp x0)))))) x0) x0) (si
n ((*) ((*) ((*) ((+) ((*) (rlog x0) ((-) x0 x0)) ((+) (sin x0) (sin (exp x0))))
 x0) ((*) ((*) (rlog x0) ((-) x0 x0)) ((+) ((+) (exp x0) ((+) (exp x0) (cos ((*)
 (rlog x0) ((-) ((*) ((*) (sin x0) (exp x0)) x0) x0))))) ((+) (exp x0) (sin ((-)
 x0 (exp x0))))))) (exp (rlog (sin x0)))))) ((*) ((*) x0 ((*) (sin x0) ((*) (sin
 x0) (exp x0)))) x0))) x0,0.5674497695493563,Nothing)
(\ x0 -> (+) ((-) (rdiv (exp x0) (cos x0)) (cos (sin (sin ((*) (rdiv ((*) x0 x0)
 (cos ((*) x0 x0))) ((*) ((*) ((-) x0 ((-) x0 x0)) ((-) ((*) x0 x0) ((-) (rdiv (
exp x0) (cos x0)) (cos ((*) x0 x0))))) x0)))))) ((*) ((*) x0 (sin (sin (sin ((*)
 ((*) ((-) x0 x0) ((-) (exp x0) (cos ((-) x0 x0)))) (rdiv ((*) x0 x0) ((*) x0 x0
))))))) ((+) ((+) (sin ((*) (sin x0) ((-) (sin (rdiv x0 ((*) x0 (rlog x0)))) ((-
) (rdiv (exp x0) (cos x0)) (exp (cos x0)))))) ((*) ((*) (sin x0) ((-) ((-) x0 x0
) (rlog (sin (sin ((-) (rdiv (exp x0) (cos x0)) (cos ((*) x0 x0)))))))) ((*) x0
x0))) ((-) x0 (rdiv ((*) x0 x0) x0)))),0.6462164378961855,Nothing)
(\ x0 -> (+) ((*) x0 ((+) ((*) ((+) x0 ((*) x0 x0)) x0) x0)) x0,0.99999999999999
84,Just 13)
(\ x0 -> (+) ((+) x0 ((*) (sin ((*) x0 x0)) (rdiv (exp x0) (cos ((+) (sin (sin x
0)) ((-) ((*) x0 x0) x0)))))) ((*) (rlog x0) ((*) ((*) (cos ((*) ((*) x0 x0) x0)
) ((*) (sin ((*) x0 ((*) x0 x0))) ((*) x0 ((*) ((+) ((*) x0 x0) ((-) ((*) x0 x0)
 x0)) x0)))) (cos ((+) (sin (cos x0)) ((+) ((+) x0 ((*) x0 (sin ((*) x0 ((*) x0
x0))))) ((+) x0 ((+) (sin ((*) x0 x0)) ((+) ((+) (sin ((-) ((*) ((-) x0 x0) (cos
 ((+) ((*) x0 x0) ((-) x0 x0)))) x0)) x0) ((*) (cos ((*) (sin (cos x0)) (sin ((*
) ((+) x0 ((*) (exp x0) (exp x0))) x0)))) ((*) ((-) x0 x0) (exp x0))))))))))),0.
7214690138506863,Nothing)
(\ x0 -> (*) ((+) ((+) (cos ((*) ((*) (cos ((*) x0 ((*) (cos ((*) ((*) (cos ((*)
 x0 x0)) x0) ((+) ((*) x0 (cos ((*) (cos x0) (sin x0)))) x0))) x0))) x0) x0)) ((
*) ((*) x0 x0) (exp (sin x0)))) x0) x0,0.8440590849722263,Nothing)
(\ x0 -> (*) (sin x0) ((+) ((*) ((*) x0 ((+) x0 (cos (rdiv x0 ((+) (cos ((*) (si
n ((*) (exp x0) ((*) ((*) x0 x0) x0))) (cos (cos x0)))) ((*) ((*) x0 x0) ((*) ((
+) ((*) ((*) (cos ((*) x0 ((*) (sin x0) x0))) x0) ((*) x0 x0)) (exp (sin x0))) (
(*) ((*) x0 (sin x0)) x0)))))))) x0) (exp x0)),0.7891832488529585,Nothing)
(\ x0 -> (+) x0 ((*) ((+) ((+) ((*) ((-) x0 x0) (rdiv ((*) x0 x0) ((*) (exp ((*)
 x0 ((-) (exp ((+) x0 x0)) ((-) x0 x0)))) x0))) ((+) x0 ((*) ((*) x0 x0) x0))) (
(*) x0 x0)) x0),0.9999999999999982,Just 16)
(\ x0 -> (*) (exp ((+) (sin ((*) ((*) (sin x0) (sin (sin ((-) (sin x0) (rlog x0)
)))) ((+) (sin ((*) ((*) ((*) ((*) x0 x0) (sin ((-) x0 ((*) x0 x0)))) (sin ((*)
(sin x0) (sin ((*) (rlog (exp (sin x0))) (sin (sin (rdiv x0 x0)))))))) (cos x0))
) x0))) x0)) (sin x0),0.6425137677749667,Nothing)
(\ x0 -> (+) ((*) (exp x0) x0) ((*) ((*) (rdiv x0 (cos ((*) (rdiv ((*) (sin (exp
 x0)) (rlog (sin ((*) ((*) x0 x0) ((-) x0 x0))))) (sin (cos ((*) ((*) ((*) ((*)
x0 x0) ((-) x0 x0)) x0) ((*) x0 x0))))) (rdiv (exp x0) (sin ((+) x0 (cos ((*) ((
*) ((*) x0 x0) x0) (sin ((*) x0 x0)))))))))) ((*) (rdiv x0 (cos ((*) ((-) x0 x0)
 ((*) ((-) x0 x0) x0)))) ((*) x0 (sin (sin x0))))) (rlog ((+) ((+) (sin ((*) x0
x0)) (exp x0)) (exp x0)))),0.6541421562170721,Nothing)
(\ x0 -> (+) ((+) ((*) x0 x0) x0) ((*) (rlog ((-) (exp ((*) ((+) ((*) x0 x0) x0)
 x0)) (rdiv ((-) x0 x0) (rdiv x0 ((*) (rlog ((-) ((*) ((*) x0 x0) x0) ((*) x0 (s
in (exp (exp x0)))))) ((-) (exp ((*) ((*) (exp x0) x0) (sin ((*) x0 ((*) x0 x0))
))) (rdiv ((*) (exp x0) (sin ((-) x0 x0))) (exp ((*) x0 (rlog ((-) (exp (exp x0)
) ((+) ((*) x0 (exp x0)) x0)))))))))))) x0),0.999999999999998,Just 46)
(\ x0 -> (+) ((*) x0 ((+) ((*) x0 ((+) ((*) x0 x0) x0)) x0)) x0,0.99999999999999
84,Just 19)
