
reg = PO_CTTP_ PO_CTTP {
  cttp_code        = "ant"                                        ,
  cttp_info        = "Artifical Ant"                              ,
  cttp_data        = jsData                                       ,
  cttp_numRuns     = 50    ,
  cttp_numGene     = 50    ,
  cttp_popSize     = 500   ,
  
  cttp_typ         = ant                                          ,
  cttp_ctx         = ctx                                          ,
  
  cttp_gOpt        = CTTG_Geom  ant ctx 0.75                      , 

  cttp_ff          = FF5 "ff" "Problems.Ant.Funs" (), 
  
  cttp_saveBest    = True
  
}

14/50 = 28%

Global.performanceCurves= 
[0, 0, 0, 1, 1, 2, 2, 2, 3, 5, 6, 6, 8, 9, 10, 11, 11, 11, 11, 11, 11, 12, 12, 13, 13, 13, 13, 13, 13, 13, 13, 13, 13, 13, 13, 13, 13, 13, 13, 13, 13, 13, 13, 13, 13, 13, 13, 13, 13, 13, 14]

JSON.stringify(graf2) = 
"[[0,null],[1,null],[2,null],[3,456000],[4,570000],[5,339000],[6,395500],[7,452000],[8,337500],[9,220000],[10,203500],[11,222000],[12,175500],[13,168000],[14,157500],[15,152000],[16,161500],[17,171000],[18,180500],[19,190000],[20,199500],[21,187000],[22,195500],[23,192000],[24,200000],[25,208000],[26,216000],[27,224000],[28,232000],[29,240000],[30,248000],[31,256000],[32,264000],[33,272000],[34,280000],[35,288000],[36,296000],[37,304000],[38,312000],[39,320000],[40,328000],[41,336000],[42,344000],[43,352000],[44,360000],[45,368000],[46,376000],[47,384000],[48,392000],[49,400000],[50,382500]]"

nej = 15,152000

Total time: 7000.7574205s

//termsizes
JSON.stringify(graf3) =
"[[0,6.76296],[1,6.859400000000001],[2,7.4683600000000006],[3,8.315199999999999],[4,9.41991836734694],[5,10.896285714285714],[6,12.854666666666665],[7,15.027041666666664],[8,17.504458333333336],[9,20.24621276595745],[10,23.06271111111111],[11,26.053863636363644],[12,29.11654545454546],[13,32.164952380952386],[14,35.19512195121951],[15,37.55454999999999],[16,40.08353846153846],[17,42.48907692307694],[18,44.75933333333333],[19,46.758666666666656],[20,48.957179487179495],[21,51.283076923076926],[22,53.114894736842096],[23,54.62157894736842],[24,56.83329729729731],[25,58.04783783783784],[26,59.864324324324315],[27,61.90713513513513],[28,63.799351351351326],[29,65.56016216216216],[30,67.52854054054055],[31,69.32605405405407],[32,71.41156756756759],[33,73.20221621621621],[34,74.5187027027027],[35,76.24524324324324],[36,77.75027027027029],[37,79.00162162162162],[38,79.84464864864867],[39,80.98183783783784],[40,82.34345945945944],[41,83.8358918918919],[42,85.74010810810813],[43,87.21351351351355],[44,88.88410810810808],[45,90.73497297297294],[46,91.946],[47,93.42167567567567],[48,94.81221621621619],[49,96.43227027027028],[50,97.73027027027025]]"


fitvals:
89
75
89
73
89
74
89
70
68
66
74
75
69
89
89
77
82
63
89
85
89
75
65
69
89
72
76
89
74
70
89
62
67
71
74
66
89
79
88
89
72
66
75
63
89
67
67
62
71
67
